4665
9020
2817
24565
26178
1548
2062
12695
27462
3208
10816
18253
23930
8993
2324
1075
22245
29141
2659
23885
17601
3071
8932
10245
19492
21107
32755
11483
25055
15306
32400
21080
6566
30459
5035
29763
28786
7212
2463
15128
5668
24519
14076
1974
31339
31695
4745
18264
8423
17269
18569
17350
143
5350
13630
17357
29264
7528
26796
4076
29430
9125
6047
12112
15440
19526
7663
28931
31119
3268
30211
5472
6896
16507
18836
11210
3227
5121
32691
30877
21706
15029
27662
30565
23853
8859
879
19790
27534
6759
14725
16348
3505
7639
27623
988
31870
15430
32342
30875
